{
  "oldParams": true,
  "wave_type": 0,
  "p_env_attack": 0.3881439735690008,
  "p_env_sustain": 0,
  "p_env_punch": 0,
  "p_env_decay": 0,
  "p_base_freq": 0.7343234566378735,
  "p_freq_limit": 0,
  "p_freq_ramp": 0.0295881070442312,
  "p_freq_dramp": 0.3506552411950242,
  "p_vib_strength": 0.3036967447333707,
  "p_vib_speed": 0.582770498937057,
  "p_arp_mod": -0.9107456157105385,
  "p_arp_speed": -0.8290661128943353,
  "p_duty": -0.7255529703754293,
  "p_duty_ramp": 0.11401429007963428,
  "p_repeat_speed": -0.7817823441005558,
  "p_pha_offset": 0.00475931641873318,
  "p_pha_ramp": 0.018271269902339817,
  "p_lpf_freq": 0.5224612053099381,
  "p_lpf_ramp": -0.0005430546718985928,
  "p_lpf_resonance": 0.7155794260308603,
  "p_hpf_freq": 0.004143999435205404,
  "p_hpf_ramp": -0.033120719505523824,
  "sound_vol": 0.25,
  "sample_rate": 44100,
  "sample_size": 8
}